1305031526.6883559 1.5036000 0.9272000 1.4526000 0.8685166 0.1430027 -0.1171022 -0.4599088
1305031526.7215869 1.5045187 0.9254453 1.4511913 0.8678408 0.1428717 -0.1174114 -0.4611449
1305031526.7559569 1.5034004 0.9262580 1.4511110 0.8679792 0.1425677 -0.1170409 -0.4610726
1305031526.7886810 1.5046594 0.9262617 1.4538693 0.8684704 0.1426555 -0.1176301 -0.4599693
1305031526.8226430 1.5050450 0.9248554 1.4526642 0.8678652 0.1425559 -0.1177839 -0.4611016
1305031526.8568439 1.5057102 0.9254288 1.4552758 0.8684677 0.1422126 -0.1181696 -0.4599732
1305031526.8884649 1.5009328 0.9403737 1.4776325 0.8659951 0.1398735 -0.1195401 -0.4649710
1305031526.9205780 1.5007110 0.9738491 1.5310304 0.8669726 0.1422765 -0.1200136 -0.4622907
1305031526.9550331 1.5255650 0.9776290 1.6021165 0.8685773 0.1414501 -0.1195599 -0.4596420
1305031526.9876060 1.5574918 0.9355387 1.7284705 0.8666617 0.1494551 -0.1058900 -0.4640561
1305031527.0207911 1.5625149 0.8919437 1.8415785 0.8693994 0.1433865 -0.0964656 -0.4629032
1305031527.0550699 1.5289002 0.8413004 1.9417214 0.8761675 0.1252092 -0.0802716 -0.4584862
1305031527.0869651 1.5847845 0.8898811 2.0510408 0.8801064 0.1241951 -0.0936153 -0.4485805
1305031527.1198540 1.6537296 0.9160120 2.1644316 0.8856872 0.1251270 -0.1022800 -0.4352473
1305031527.1554649 1.7047183 0.9224005 2.2826705 0.8939218 0.1208912 -0.1086592 -0.4177109
1305031527.1864469 1.7801757 0.9265414 2.3678059 0.8961873 0.1180441 -0.1226323 -0.4097259
1305031527.2222190 1.8827227 0.9389430 2.4492400 0.8987141 0.1103220 -0.1493760 -0.3972769
1305031527.2562749 2.0002450 0.9619806 2.6214654 0.9118029 0.1158813 -0.1654541 -0.3575079
1305031527.2870600 2.2968996 1.1418427 2.8244942 0.9214241 0.1381061 -0.2111266 -0.2955163
1305031527.3232131 2.6172428 1.3199619 2.9784633 0.9253795 0.1372588 -0.2617392 -0.2373298
1305031527.3551970 2.9751291 1.7781047 3.2338885 0.9407093 0.1157253 -0.2935316 -0.1245504
1305031527.3884709 4.4081157 3.8458338 3.3913475 0.9338055 0.0305996 -0.3254316 0.1454829
1305031527.4229259 2.6813728 1.9138015 0.2430246 -0.6479588 0.2749410 0.6892915 -0.1715637
1305031527.4557731 10.6877545 -0.0807305 -8.8313985 -0.1624517 0.4957620 0.8407547 -0.1447793
1305031527.4860549 -20.9908474 -3.8552780 3.0898476 0.3731129 0.5638201 0.7331498 -0.0733830
1305031527.5223970 -28.6281260 15.3495704 29.6841876 0.7937074 0.4581440 0.3996339 0.0206254
1305031527.5545731 -73.0857115 170.7666246 -187.8294761 0.8912538 -0.1934169 -0.3818845 0.1497358
1305031527.5869870 -126.5313794 333.2020875 -456.1108509 -0.0427456 0.6396682 0.7580373 -0.1199036
1305031527.6227930 -138.5145602 575.2380730 -662.5071302 0.8511365 0.4069198 0.3295431 0.0372048
1305031527.6560280 -494.0810946 661.6506591 -907.2030159 0.8415480 -0.2577688 -0.4487569 0.1548208
1305031527.6885631 -438.8043898 1112.6793771 -941.0699229 0.0613331 0.6488391 0.7507072 -0.1080964
1305031527.7217510 -523.3598888 1127.5170788 -1336.2244255 0.8991099 0.3511749 0.2557913 0.0533709
1305031527.7564721 -340.1409721 1456.2148198 -1525.6189708 0.7824929 -0.3192570 -0.5106439 0.1581857
1305031527.7893331 -540.7197474 1445.6601432 -1909.8643381 0.1647304 0.6508016 0.7350370 -0.0950884
1305031527.8255620 -465.2097481 1798.3183900 -2042.0214716 0.9370945 0.2915285 0.1791976 0.0689440
1305031527.8578551 -1169.3417287 1910.3850708 -2153.8100442 0.7147446 -0.3771984 -0.5668577 0.1597932
1305031527.8878660 -760.4763814 2556.6630607 -2117.8028431 0.2662976 0.6455340 0.7112008 -0.0810239
1305031527.9222140 -1119.8330371 2397.8244744 -2588.7112970 0.9646683 0.2286434 0.1006132 0.0837513
1305031527.9544899 -381.4839890 2663.2432826 -3013.1612290 0.6390557 -0.4309492 -0.6167740 0.1596255
1305031527.9879770 -1154.5233732 2371.0460464 -3480.9225957 0.3649064 0.6330947 0.6794634 -0.0660593
1305031528.0256140 -685.8284617 2933.0466521 -3543.5979966 0.9815250 0.1632182 0.0209110 0.0976280
1305031528.0561261 -2123.4691256 3353.7099283 -3137.2552272 -0.5562672 0.4799124 0.6598382 -0.1576845
1305031528.0852971 -719.4637880 4245.5892438 -3186.1155344 0.4594612 0.6136221 0.6401775 -0.0503608
1305031528.1243329 -1839.5303941 3863.0585200 -3625.5955239 0.9874773 0.0959796 -0.0590235 0.1104202
1305031528.1518731 -75.0008669 3485.9314617 -4973.8138403 -0.4672988 0.5235440 0.6955718 -0.1539916
1305031528.1868720 -2435.1230137 2988.8298868 -5134.6484870 0.5489115 0.5873323 0.5937794 -0.0341029
1305031528.2208869 -810.0621579 3743.1039846 -5385.3219270 0.9824592 0.0276748 -0.1383023 0.1219856
1305031528.2519529 -3406.8619942 5513.3545778 -3355.7613745 -0.3731389 0.5613591 0.7235779 -0.1485879
1305031528.2842629 427.6257512 6259.2335509 -4305.5413297 0.6322636 0.5545174 0.5407847 -0.0174660
1305031528.3216391 -2553.4452497 5905.0029831 -4130.2747550 0.9665263 -0.0409375 -0.2160447 0.1321958
1305031528.3550320 416.6189223 3057.1016669 -8164.0791607 -0.2748335 0.5929378 0.7435453 -0.1415335
1305031528.3848391 -5524.2994625 3369.7900184 -6445.9027173 0.7085916 0.5155421 0.4817820 -0.0006351
1305031528.4240060 -1190.4103489 3640.4319229 -8006.5539069 0.9398557 -0.1090950 -0.2913868 0.1409374
1305031528.4539621 -4400.8233158 9750.5231096 -1736.2301737 -0.1734748 0.6179291 0.7552522 -0.1329066
1305031528.4907200 4345.5919764 8191.5432129 -6378.2062388 0.7770473 0.4708393 0.4174269 0.0162028
1305031528.5246489 -2469.0384143 9384.4872141 -3546.3593178 0.9027436 -0.1760405 -0.3634917 0.1481132
1305031528.5570691 -437.5218585 -677.4448746 -14015.3957855 -0.0701889 0.6360555 0.7585685 -0.1228033
1305031528.5929241 -12713.1938735 4614.6916211 -5668.1842988 0.8368704 0.4209057 0.3484344 0.0328608
1305031528.6234069 -3380.7611975 1428.8529407 -12038.7452500 0.8556024 -0.2410302 -0.4315584 0.1536435
1305031528.6540329 -1929.0185321 19000.7859953 3455.6217311 0.0338767 0.6471156 0.7534575 -0.1113356
1305031528.6921430 13953.6074434 7662.7592503 -12539.9866440 0.8873961 0.3662959 0.2755709 0.0491536
1305031528.7249999 1258.1307265 15834.9116016 -1330.9235744 0.7989557 -0.3033422 -0.4948306 0.1574669
1305031528.7566199 -8666.0334789 -11659.7252186 -24301.3038095 0.1375660 0.6509865 0.7399758 -0.0986311
1305031528.7921600 -27277.8843392 11357.2611699 2546.8572152 0.9280632 0.3076168 0.1996460 0.0649004
1305031528.8240571 -12286.3528304 -4647.3367096 -17588.8408561 0.7334330 -0.3622842 -0.5526055 0.1595409
1305031528.8561139 14703.8409742 38096.4991490 13352.7156793 0.2397271 0.6476251 0.7182732 -0.0848308
1305031528.8926840 32069.9042084 -3705.5957380 -31484.4312943 0.9584199 0.2455201 0.1215030 0.0799262
1305031528.9240611 16697.3846801 26823.9533469 1460.5222852 0.6597621 -0.4172014 -0.6042411 0.1598425
1305031528.9560270 -42306.4088848 -34949.1724120 -38053.0527098 0.3392248 0.6370689 0.6885909 -0.0700880
1305031528.9918699 -49682.4032474 37949.2842231 31717.6407161 0.9781289 0.1806958 0.0420102 0.0940640
1305031529.0241640 -40596.3001655 -15037.7686574 -21119.1524972 -0.5787615 0.4674835 0.6491639 -0.1583683
1305031529.0572460 74529.3432245 70555.1682483 22085.1776108 0.4349539 0.6194351 0.6512586 -0.0545666
1305031529.0926960 53026.8539338 -49350.2454389 -83265.3586247 0.9869712 0.1138641 -0.0379494 0.1071568
1305031529.1240511 62903.5475487 39768.2142764 -3517.9519558 -0.4913311 0.5125722 0.6868746 -0.1551347
1305031529.1561871 -146048.0628931 -68683.0064795 -39452.4670368 0.5258508 0.5949196 0.6066911 -0.0384390
1305031529.1920850 -61106.6874239 120992.2572099 110025.1214595 0.9848487 0.0457674 -0.1174873 0.1190592
1305031529.2242000 -115489.2277100 -20583.0305772 -5633.2931152 -0.3984422 0.5519663 0.7169545 -0.1501775
1305031529.2567279 243102.0762887 101695.8940624 -4687.6865585 0.6109057 0.5637947 0.5553835 -0.0218844
1305031529.2912350 32642.3135172 -183830.2238928 -204813.6430607 0.9717849 -0.0228378 -0.1957200 0.1296388
1305031529.3233559 176204.7538348 32696.7326732 -48026.6880813 -0.3011267 0.5852283 0.7390692 -0.1435520
1305031529.3558130 -410758.6241006 -71900.6103188 38314.7408912 0.6891736 0.5264063 0.4979058 -0.0050866
1305031529.3888550 28284.1216486 337604.0868605 281050.5122134 0.9479249 -0.0911893 -0.2717783 0.1387782
1305031529.4230101 -281227.7875152 23879.1151384 84651.2996330 -0.2004659 0.6119887 0.7529732 -0.1353317
1305031529.4574480 637233.4651828 41265.8682694 -187907.9516354 0.7597852 0.4831698 0.4348965 0.0117677
1305031529.4913430 -196729.5440946 -509010.5388824 -438276.5579036 0.9135339 -0.1585277 -0.3448173 0.1463758
1305031529.5221710 402372.1126908 -79303.6746385 -225228.9472292 -0.0975779 0.6319501 0.7585119 -0.1256078
1305031529.5563500 -969920.9613634 132518.6351750 402433.4458355 0.8219558 0.4345654 0.3670557 0.0284913
1305031529.5933239 512709.1136320 809553.4860472 565642.6671865 0.8689938 -0.2241049 -0.4140255 0.1523472
1305031529.6237719 -568239.6889425 268229.5939046 398393.2301288 0.0063941 0.6448907 0.7556239 -0.1144886
1305031529.6577530 1376642.4972244 -433336.5711963 -866072.8692957 0.8749947 0.3811331 0.2951371 0.0448983
1305031529.6928401 -1126154.8777824 -1145986.6262923 -741905.0762890 0.8147995 -0.2871924 -0.4786340 0.1566262
1305031529.7255659 720264.2052108 -547656.7376064 -761832.9489663 0.1102951 0.6506669 0.7443411 -0.1020974
1305031529.7595980 -1858264.6856244 1099970.6218668 1581706.5915145 0.9183128 0.3234667 0.2199396 0.0608065
1305031529.7928050 2175358.0002735 1605481.9169488 781202.8392451 0.7515531 -0.3470893 -0.5379251 0.1591650
1305031529.8252931 -833833.8332482 1115403.2882253 1264686.2203338 0.2129707 0.6492144 0.7247891 -0.0885719
1305031529.8595481 2266546.1406944 -2233570.4048739 -2827748.4437834 0.9514288 0.2622066 0.1422986 0.0760392
1305031529.8911190 -3949512.6212704 -2001976.8015059 -653367.7011254 0.6799573 -0.4031302 -0.5912400 0.1599356
1305031529.9258499 739545.2655602 -1989722.9710298 -2107936.8272973 0.3132803 0.6405494 0.6971848 -0.0740624
1305031529.9601021 -2382096.4549507 4260575.6233745 4691310.9534867 0.9739748 0.1980335 0.0630768 0.0904271
1305031529.9923310 6748599.3836420 2263187.2624827 -48419.7655902 -0.6008074 0.4546924 0.6379865 -0.1589294
1305031530.0242250 -224902.4901282 3466502.9542681 3251004.5737059 0.4101095 0.6247681 0.6618352 -0.0587301
1305031530.0599821 1642027.8461909 -7502120.1757860 -7546944.5386762 0.9857003 0.1316603 -0.0168458 0.1038104
1305031530.0912030 -11035267.6058207 -1874089.2452988 1694063.5968065 -0.5149827 0.5012032 0.6776452 -0.1561575
1305031530.1259899 -1205881.1954093 -5646809.1178173 -4889960.8143548 0.5023826 0.6020459 0.6191327 -0.0427454
1305031530.1596360 882414.7348643 12661433.8202300 11495243.5843353 0.9864751 0.0638244 -0.0965813 0.1160404
1305031530.1914940 17217315.2142871 210383.6568967 -5260314.0385265 -0.4234368 0.5421458 0.7097755 -0.1516508
1305031530.2240069 4282741.7829752 8903383.0180486 6870164.1505375 0.5890743 0.5726351 0.5695520 -0.0262858
1305031530.2590740 -6934923.5480118 -20296746.7549634 -16782024.8973932 0.9762905 -0.0047205 -0.1752437 0.1269813
1305031530.2927380 -25676654.9367254 4195708.8625445 11958166.6681650 -0.3271866 0.5770654 0.7340205 -0.1454593
1305031530.3243980 -10307912.5817156 -13299581.4273923 -9118133.7587601 0.6692217 0.5368627 0.5136437 -0.0095341
1305031530.3559580 19299430.5263062 31216146.7220661 23000897.3508224 0.9552596 -0.0732130 -0.2519593 0.1365114
1305031530.3919871 36274658.8419987 -13467686.6913228 -24011269.8154094 -0.2273016 0.6055740 0.7501107 -0.1376518
1305031530.4231009 21188110.5582932 18963933.3251153 10856360.0029024 0.7419343 0.4951258 0.4520291 0.0073235
1305031530.4588499 -42526403.5295196 -45636643.1038244 -29218982.9431568 0.9236162 -0.1408921 -0.3258757 0.1445250
1305031530.4921999 -47920499.6903118 31394401.8229010 44308935.6311367 -0.1248913 0.6273549 0.7578676 -0.1283151
1305031530.5243230 -39868666.2812688 -25228240.0054330 -10828688.1924469 0.8064042 0.4478884 0.3853926 0.0240997
1305031530.5587161 83414051.1526483 63107499.2156737 32573551.7495681 0.8817118 -0.2070060 -0.3961717 0.1509329
1305031530.5913010 57254337.6946978 -63458576.0105115 -77213674.9792570 -0.0210935 0.6421661 0.7572048 -0.1175528
1305031530.6230021 70367422.2865712 30631106.2908238 6081365.2278753 0.8619153 0.3956750 0.3144745 0.0406081
1305031530.6564450 -151922420.4115142 -80725559.4982011 -27545839.4080273 0.8300119 -0.2708201 -0.4620665 0.1556640
1305031530.6910150 -56914141.9947864 118094469.3937671 127949525.9512854 0.0829386 0.6498431 0.7481298 -0.1054845
1305031530.7238691 -118062849.9989496 -31342231.7099852 8346339.7869480 0.9078509 0.3390659 0.2400628 0.0566655
1305031530.7585030 261498352.3137321 91587367.0362234 3149990.0556969 0.7690909 -0.3316255 -0.5228278 0.1586658
1305031530.7908180 32159705.3015059 -206668651.4951859 -202803673.0459092 0.1860493 0.6503006 0.7307433 -0.0922444
1305031530.8225839 189177692.5935794 20154754.2587744 -41499719.6915998 0.9437005 0.2786898 0.1629840 0.0720933
1305031530.8583710 -429122014.7106852 -80543731.5472605 59725874.6838427 0.6996255 -0.3887466 -0.5777807 0.1599048
1305031530.8906879 43882675.2341736 344234257.9049164 307008301.7171419 0.2870931 0.6435335 0.7052385 -0.0779794
1305031530.9238780 -289816631.0986099 16700451.6114411 107843046.3943762 0.9690660 0.2152177 0.0840945 0.0867201
1305031530.9591751 673234172.7199825 18991485.8679921 -193872402.2073035 -0.6223876 0.4415489 0.6263147 -0.1593674
1305031530.9880810 -217877624.4020146 -547793339.9333416 -442080493.1757128 0.3849473 0.6296169 0.6718988 -0.0628481
1305031531.0273099 422861086.0899510 -102741726.5764461 -230647588.5717006 0.9836656 0.1493545 0.0042708 0.1003836
1305031531.0585160 -1008615080.0439736 144804387.5830612 451765127.5405944 -0.5382352 0.4894458 0.6678906 -0.1570594
1305031531.0912080 566617580.6449690 833254236.8700368 598323116.3477875 0.4785249 0.6087055 0.6310946 -0.0470186
1305031531.1261401 -582210111.2589974 277399391.2238227 444516054.5008254 0.9873370 0.0818320 -0.0756004 0.1129318
1305031531.1595199 1434212590.4040728 -498285130.5333477 -914886603.4491954 -0.4481031 0.5319051 0.7020464 -0.1530065
1305031531.1901369 -1211305665.6299663 -1205956780.1749287 -742957310.8861330 0.5667863 0.5810317 0.5832792 -0.0306668
1305031531.2281270 741207858.9424658 -602667332.3986014 -799440617.1619359 0.9800394 0.0134005 -0.1546316 0.1242254
1305031531.2598400 -1909750917.1002240 1183711856.5712068 1702683215.0579827 -0.3529929 0.5684550 0.7284028 -0.1472539
1305031531.2901850 2334263481.5055318 1643433859.6290963 797304056.2136490 0.6487510 0.5469028 0.5289835 -0.0139743
1305031531.3277631 -832784999.5632987 1172816075.1594865 1362142177.3083479 0.9618538 -0.0551800 -0.2319450 0.1341389
1305031531.3585091 2312254347.5574207 -2421191850.8746948 -2981853358.7202854 -0.2539610 0.5986897 0.7466669 -0.1398652
1305031531.3898680 -4196416479.2084823 -2061122451.8936193 -600874098.5840595 0.7235082 0.5066979 0.4688111 0.0028735
1305031531.4271770 715352396.3324423 -2123014879.0485554 -2215008617.5924535 0.9329824 -0.1231474 -0.3066815 0.1425621
1305031531.4596980 -2361546480.1568813 4536725388.2877846 4967442487.4055662 -0.1521077 0.6222729 0.7566356 -0.1309227
1305031531.4921069 7147727370.8006248 2254048668.0646620 -147838232.8084487 0.7902274 0.4608639 0.4034305 0.0196894
1305031531.5275421 -118702919.8927994 3636321928.4425006 3444110293.1042156 0.8937458 -0.1897466 -0.3780108 0.1494015
1305031531.5605061 1496807607.7535248 -7986029309.5323191 -7907771940.5227633 -0.0485646 0.6389427 0.7581984 -0.1205257
1305031531.5920179 -11616797660.0899048 -1797391536.2632055 1979106288.1580749 0.8481673 0.4099097 0.3335678 0.0362865
1305031531.6280370 -1439960608.2481327 -5939126917.4362898 -5110372745.9379196 0.8445797 -0.2542378 -0.4451404 0.1545810
1305031531.6597691 1316636761.6312447 13363389996.7593784 12030161774.5649147 0.0555180 0.6485142 0.7513379 -0.1087896
1305031531.6931400 18051475549.5425034 -110058320.4159298 -5780817456.5349216 0.8966840 0.3544014 0.2599992 0.0524804
1305031531.7277620 4778140082.3093548 9273758631.8064022 7184251252.4128447 0.7860306 -0.3159042 -0.5073243 0.1580430
1305031531.7558811 -7878564499.9293900 -21363394659.5539207 -17415213241.3065491 0.1589833 0.6508799 0.7361300 -0.0958449
1305031531.7905281 -26760601355.6889648 4887285459.0360727 12971874186.1766396 0.9352388 0.2949561 0.1835425 0.0680912
1305031531.8269310 -11214685196.1025028 -13818584753.5077400 -9421060274.1112862 0.7187488 -0.3740606 -0.5638714 0.1597492
1305031531.8584020 21166075816.7486000 32640677819.1508789 23734477093.6539993 0.2606819 0.6460141 0.7127438 -0.0818353
1305031531.8932910 37568872105.3970490 -14915825432.7408199 -25716584246.0240860 0.9634028 0.2322337 0.1050465 0.0829455
1305031531.9250801 22786896511.4671402 19519716625.8579941 11134848906.6444740 0.6434811 -0.4280604 -0.6141525 0.1596800
1305031531.9592619 -45882804808.0741119 -47479131195.5192795 -29770874211.7888412 0.3594841 0.6339711 0.6814394 -0.0669166
1305031531.9906340 -49159170023.9239426 34012795031.6294098 47156641043.4891205 0.9808623 0.1669312 0.0253839 0.0968779
1305031532.0275240 -42492396879.5041351 -25757805013.7037773 -10814845774.0715408 -0.5610567 0.4773036 0.6576176 -0.1578368
1305031532.0598719 89126397765.0794678 65112094098.3474579 32572901036.6244659 0.4542884 0.6148810 0.6425638 -0.0512543
1305031532.0920961 57870564772.5087891 -68024178688.6816406 -81587487868.7035828 0.9874246 0.0997752 -0.0545595 0.1097339
1305031532.1260729 74450189461.5805969 30747961524.5477905 5515574966.4464264 -0.4724035 0.5212426 0.6937706 -0.1542396
1305031532.1599259 -160990382878.1723328 -82400301345.6084442 -26034522604.0203476 0.5440422 0.5889574 0.5965499 -0.0350226
1305031532.1956229 -55670390068.5289001 125399442574.9890442 134353426620.5482483 0.9830144 0.0315103 -0.1338964 0.1213702
1305031532.2277999 -123966541104.7735748 -30522332588.9029999 10106903557.3142242 -0.3784964 0.5593866 0.7222140 -0.1489274
1305031532.2600789 274945511850.9139404 91641738845.7984924 -1268923912.6092987 0.6277748 0.5564927 0.5438866 -0.0184020
1305031532.2958241 26961852772.6546402 -217659942778.8337097 -211281330820.4208374 0.9676781 -0.0371024 -0.2117415 0.1316565
1305031532.3278329 197099268374.7601624 17297772121.6955872 -45176358795.8537598 -0.2803852 0.5913111 0.7426307 -0.1419599
1305031532.3566871 -447404795514.0445557 -76899509011.3345337 69365179753.8764648 0.7045072 0.5178368 0.4851909 -0.0015778
1305031532.3965840 56511940870.8819580 359200395951.0073853 316889838761.5703735 0.9415930 -0.1052988 -0.2872295 0.1404796
1305031532.4245720 -298763118379.9862061 22663692158.9428711 113986500965.9589844 -0.1791571 0.6166584 0.7547926 -0.1334136
1305031532.4614470 693972028339.6770020 8195772489.8215942 -211118096994.2968750 0.7734072 0.4734251 0.4211030 0.0152634
1305031532.4947579 -241943062942.0702515 -564631070361.0092773 -449937528804.8294067 0.9050375 -0.1723223 -0.3595197 0.1477389
1305031532.5233631 430007679385.9260864 -112700693784.2738647 -238531666815.4677734 -0.0759260 0.6351333 0.7585574 -0.1233796
1305031532.5587499 -1023555710552.1630859 165836040887.6134033 477226755801.7802124 0.8337131 0.4237548 0.3523382 0.0319347
1305031532.5947130 603656578051.9300537 844405357198.0252686 596768848603.6539307 0.8584147 -0.2374139 -0.4277893 0.1533495
1305031532.6265769 -581895807328.9238281 289851453208.3112793 450385879932.8692017 0.0281355 0.6465316 0.7538849 -0.1119730
1305031532.6554151 1425914771273.4174805 -528364540428.0961914 -942012259005.2601318 0.8847104 0.3693557 0.2796482 0.0482447
1305031532.6922810 -1253427065658.7712402 -1192671196025.1950684 -716752689714.0811768 0.8022704 -0.2998494 -0.4912863 0.1572543
1305031532.7251420 723914632550.1354980 -600370979201.7030029 -782890006055.2556152 0.1318756 0.6507111 0.7408203 -0.0993171
1305031532.7565179 -1833456829494.1696777 1196901671557.2277832 1693745970104.8374023 0.9258539 0.3108474 0.2038514 0.0640146
1305031532.7935929 2325482911362.8144531 1559401692977.6647949 721001415830.4136963 0.7371893 -0.3589182 -0.5492704 0.1593959
1305031532.8275890 -791496660941.6201172 1107808548341.2377930 1274705308291.3105469 0.2341509 0.6475587 0.7194755 -0.0855393
1305031532.8603599 2102180942578.1811523 -2319613485276.9218750 -2825266895466.1538086 0.9567061 0.2488883 0.1257938 0.0790723
1305031532.8949511 -3965451155195.3505859 -1832565388212.2263184 -459291691548.8258057 0.6639189 -0.4138780 -0.6009895 0.1597299
1305031532.9271080 671651686615.8505859 -1884180747347.3630371 -1957107823097.6105957 0.3337281 0.6371288 0.6901176 -0.0708089
1305031532.9588599 -1977828833656.3852539 4065273370944.0566406 4413891362957.8906250 0.9767347 0.1841496 0.0463776 0.0932126
1305031532.9948890 6279688448870.4179688 1771542894874.6979980 -325967794423.8411865 -0.5827414 0.4641827 0.6466112 -0.1582923
1305031533.0270071 -282224610926.8369141 2864669034472.4277344 2743964484994.9560547 0.4294708 0.6194600 0.6530502 -0.0552795
1305031533.0598950 1023995452824.5732422 -6365928635836.2783203 -6258672586094.7597656 0.9859949 0.1174091 -0.0335267 0.1063276
1305031533.0957069 -9008649645051.5546875 -1083007712066.7082520 1826900300431.9099121 -0.4954232 0.5091605 0.6845325 -0.1550533
1305031533.1272609 -687551462501.7500000 -4153911703537.4272461 -3634201812559.6875000 0.5202078 0.5947258 0.6087129 -0.0391334
1305031533.1588650 1116925329907.7441406 9287708546955.6015625 8309471201988.6777344 0.9839394 0.0493924 -0.1129177 0.1181762
1305031533.1946650 11878576752259.9550781 -733488715536.1151123 -4422110607004.2792969 -0.4027619 0.5484292 0.7148049 -0.1501032
1305031533.2265961 1612639693665.3027344 5130268069094.4375000 4248527438746.2294922 0.6067956 0.5631652 0.5556848 -0.0225448
1305031533.2587190 -4447437023454.7988281 -11471021784584.0800781 -9295416255069.6328125 0.9711193 -0.0191542 -0.1910784 0.1287429
1305031533.2948921 -13306559508363.8222656 3348940206780.0839844 7310569421348.0449219 -0.3056578 0.5815966 0.7371374 -0.1434880
1305031533.3267469 -3389282159485.4003906 -6027474563836.8593750 -4518705760207.9990234 0.6852075 0.5258313 0.4982705 -0.0057563
1305031533.3587489 8808111200850.4062500 13182816057690.4218750 9520790913921.1679688 0.9474999 -0.0874225 -0.2670313 0.1378616
1305031533.3948691 13475031000560.7734375 -6853162969968.5087891 -10627173083689.8593750 -0.2050523 0.6078428 0.7510657 -0.1351829
1305031533.4282820 4883600881650.4677734 6405298800947.7822266 4398840640421.5781250 0.7558979 0.4821481 0.4348022 0.0111295
1305031533.4638040 -13014258414271.5253906 -13256214478706.9687500 -8263140202854.0019531 0.9126886 -0.1545135 -0.3395587 0.1452506
1305031533.4950769 -10652781533929.8574219 10415369306296.0468750 13058628624974.3632812 -0.1022966 0.6272683 0.7566232 -0.1253803
1305031533.5237870 -3725584947327.3281250 -5832640383959.8652344 -4233256086743.4804688 0.8182406 0.4328893 0.3662337 0.0279401
1305031533.5638659 13234446334749.6347656 9536054202448.7714844 4722561564286.3828125 0.8679699 -0.2204624 -0.4091029 0.1512140
1305031533.5967290 6335366561476.9218750 -10070430442355.7578125 -11383409645174.7578125 0.0024688 0.6397218 0.7536783 -0.1140714
1305031533.6237140 5854891152460.7548828 4475010877398.1269531 2294935764061.9003906 0.8716074 0.3783108 0.2929788 0.0445456
1305031533.6629729 -14548141465973.1132812 -7295654444707.9707031 -2228524381640.9589844 0.8127951 -0.2840274 -0.4739660 0.1553511
1305031533.6951270 -1579432228781.0361328 11302172340495.4531250 11023252130625.8496094 0.1075604 0.6448103 0.7420859 -0.1014034
1305031533.7279561 -3032658200995.9912109 -4041671092971.2792969 -2799347705237.8027344 0.9150757 0.3190288 0.2159243 0.0607139
1305031533.7635341 9870037704185.4726562 3276818389062.7812500 -62465036704.0488281 0.7478852 -0.3445185 -0.5335006 0.1576589
1305031533.7955191 -400423838454.2900391 -6979804822273.5253906 -6391142371023.7753906 0.2121777 0.6427776 0.7219646 -0.0875233
1305031533.8270149 3651553038234.0629883 2047984298984.0371094 732091982499.9853516 0.9484682 0.2558290 0.1359591 0.0763292
1305031533.8598189 -7606072000487.4404297 -1069203528420.0214844 1383598961915.6123047 0.6736298 -0.4018007 -0.5876938 0.1582216
1305031533.8951609 2734820102273.3100586 5795660338261.2060547 4526393564475.4785156 0.3158541 0.6328656 0.6928524 -0.0723559
1305031533.9268570 -1948724757024.1269531 -1474362560492.1611328 -766897121846.7294922 0.9706837 0.1882645 0.0528438 0.0912595
1305031533.9619851 4608993852938.1552734 126883346625.2460938 -1350368043860.0019531 -0.5841358 0.4549413 0.6411136 -0.1568199
1305031533.9943919 -1736188511267.2792969 -2855023678476.9550781 -2134509256993.2626953 0.4172149 0.6150123 0.6547658 -0.0560676
1305031534.0266080 2019212325255.4216309 536287917270.5385742 -163571606478.9477539 0.9812245 0.1173089 -0.0322465 0.1053065
1305031534.0622470 -2799893044807.4921875 824756206906.9414062 1626605073713.5690918 -0.4915641 0.5039105 0.6822270 -0.1536160
1305031534.0944171 2698903449383.6440430 2236985606977.6210938 1210416398162.7375488 0.5149885 0.5886490 0.6074697 -0.0387211
1305031534.1264119 -848757439313.4819336 -312220967455.2280273 -47293970973.6606445 0.9789621 0.0432678 -0.1187126 0.1182367
1305031534.1622100 1717779165310.9790039 -431530545362.7792969 -973281813386.4121094 -0.3902428 0.5470020 0.7150960 -0.1482305
1305031534.1911609 -982181555493.0209961 -747064584760.3979492 -420646396747.4267578 0.6145097 0.5543828 0.5448036 -0.0205464
1305031534.2259769 989595861606.2586670 -12186221052.7746582 -361929227306.6492920 0.9633285 -0.0328663 -0.2053166 0.1298183
1305031534.2627521 -602073791337.8641357 988157230831.0559082 1070636981731.5269775 -0.2812588 0.5834758 0.7388188 -0.1406717
1305031534.2952759 1840232214152.0488281 693356471540.3278809 23746326856.4371338 0.7013403 0.5120651 0.4799255 -0.0016660
1305031534.3275931 -232498126644.7048340 53617664555.2507324 77331885135.6869812 0.9334913 -0.1102510 -0.2909079 0.1397799
1305031534.3628390 647747650522.6333008 -232676183489.9638672 -473024214544.4288330 -0.1655854 0.6121830 0.7523432 -0.1308598
1305031534.3951280 -209359907781.8259277 -27264874322.2310791 -16866913248.7925186 0.7798968 0.4608324 0.4060620 0.0177117
1305031534.4278901 454533200280.8159180 -101719806183.3748016 -301801097728.8245850 0.8889534 -0.1877274 -0.3740413 0.1478511
1305031534.4624071 263534487291.3876038 780305373432.4632568 575503573652.9156494 -0.0446181 0.6321350 0.7547317 -0.1187985
1305031534.4944880 1176807997679.0563965 110227920503.3458862 -342758007320.5608521 0.8483059 0.4010112 0.3239073 0.0372970
1305031534.5262220 30950121685.9682617 153622724687.0017700 51763632354.9629517 0.8293204 -0.2640120 -0.4531305 0.1537426
1305031534.5623641 381790628754.0076904 -3786482696.8351593 -214282665377.5372925 0.0799592 0.6423179 0.7451133 -0.1045238
1305031534.5942791 185140223736.3995361 118926848646.2563019 -46639915975.0291748 0.9045757 0.3330761 0.2343616 0.0567499
1305031534.6271329 219328720514.7039490 -25922988141.2541351 -202559861358.4562378 0.7546114 -0.3376087 -0.5264222 0.1571887
1305031534.6627810 580272384054.0883789 546145245240.2653809 207006106775.7922363 0.2061379 0.6418285 0.7227799 -0.0881340
1305031534.6947100 717495971805.7573242 -96103364002.2320709 -445935568402.4454346 0.9467834 0.2577014 0.1385453 0.0757052
1305031534.7308550 137004571019.3522949 201660805957.8952332 1912203922.2926025 0.6650712 -0.4068522 -0.5919848 0.1579084
1305031534.7631290 361433098946.5526123 118715219511.6903076 -160486846448.3707886 0.3316126 0.6298462 0.6872028 -0.0697800
1305031534.7958241 287910483027.0647583 103903763993.6270447 -166072556545.2682495 0.9730435 0.1758035 0.0378608 0.0937559
1305031534.8311350 138979983303.8691101 94943564114.5524750 -144636270363.8992004 -0.5553087 0.4706192 0.6548187 -0.1558989
1305031534.8627510 635001289935.5888672 352823029290.3072510 -78541667338.6193237 0.4537563 0.6057130 0.6381076 -0.0496836
1305031534.8949189 376094038822.7987671 -118447908271.8137817 -455865994756.2862549 0.9816317 0.0885488 -0.0660251 0.1104719
1305031534.9309740 185453837333.3635254 258005122327.7235107 -66987716951.1370850 -0.4386201 0.5272668 0.7006250 -0.1509520
1305031534.9627759 349507985956.2348022 167230254901.8038940 -227866950039.6303101 0.5765297 0.5689790 0.5686389 -0.0281420
1305031534.9945991 227315031504.1277161 111364212280.5153503 -267418525379.1675415 0.9710223 -0.0026094 -0.1711405 0.1253952
1305031535.0306420 132166837436.7164917 226560597371.7752075 -159540645391.1287842 -0.3100210 0.5745977 0.7335538 -0.1428003
1305031535.0622101 529547971572.1859131 238561582869.8255615 -305379234382.2511597 0.6841971 0.5212701 0.4937530 -0.0055611
1305031535.0945420 125218270684.2366943 -2357629789.8398285 -436833193198.1945801 0.9400002 -0.0959363 -0.2752370 0.1380575
1305031535.1298070 206114936106.4970093 338558303661.5596924 -183040117130.6979980 -0.1715450 0.6108267 0.7518683 -0.1313873
1305031535.1588531 270369831718.8900757 226075240823.2425232 -350696229449.3909912 0.7800518 0.4605979 0.4057728 0.0177642
1305031535.1939909 120096505009.7895508 219478914486.6772766 -354678906236.0109863 0.8877327 -0.1894127 -0.3757958 0.1479866
1305031535.2300110 139654771635.1821899 371107136791.7904663 -270549475745.2333374 -0.0257798 0.6342663 0.7540228 -0.1167456
1305031535.2617249 332441185927.0949097 256183379021.6532593 -494166901515.7036133 0.8608172 0.3877092 0.3061214 0.0412937
1305031535.2957840 -26198157847.8251343 236129859512.7176819 -459490303246.0657959 0.8138881 -0.2807385 -0.4700533 0.1547233
1305031535.3297729 186074020755.4716187 464696681767.8646240 -380358160010.0296631 0.1241834 0.6433481 0.7387264 -0.0989943
1305031535.3617589 140335481849.9699707 381491588623.7289429 -517467583766.9397583 0.9232803 0.3036360 0.1965555 0.0644375
1305031535.3920259 34120607487.4921799 445140554654.4722900 -503243458657.0805054 0.7187273 -0.3673258 -0.5550034 0.1578275
1305031535.4310100 108872016766.1847839 565409345199.3702393 -503369159389.8607178 0.2747119 0.6367297 0.7050518 -0.0783624
1305031535.4627321 112718079422.4517365 453465978717.5519409 -706210988406.5202637 0.9643739 0.2097983 0.0792686 0.0865497
1305031535.4954669 -97965705404.4284363 581412004316.2680664 -624219855787.6534424 -0.5969443 0.4464934 0.6339718 -0.1569643
1305031535.5308349 96312337193.0427246 690637888026.2009277 -700378744244.4157715 0.4216571 0.6133312 0.6525126 -0.0551931
1305031535.5623081 -3609287469.7282715 695009035783.4785156 -793442489872.3522949 0.9813166 0.1080708 -0.0430592 0.1069380
1305031535.5947130 -46458798083.3077850 796255166069.1990967 -822198657027.5556641 -0.4630656 0.5165546 0.6923880 -0.1521949
1305031535.6308191 -2018556282.9510574 889509734976.1922607 -903520535040.9661865 0.5603255 0.5724617 0.5812031 -0.0299691
1305031535.6625459 -99478324228.8304138 866917806122.5396729 -1063306499340.3569336 0.9717456 0.0008175 -0.1672421 0.1248738
1305031535.6947629 -173409970565.8609619 1058222094402.2607422 -1041936433972.4736328 -0.3125250 0.5737748 0.7330501 -0.1429767
1305031535.7308769 -90016465488.3550415 1117162834371.4626465 -1216600748179.0207520 0.6939893 0.5159470 0.4857952 -0.0033371
1305031535.7592270 -176439444426.5191345 1226271932012.4484863 -1311390305271.5012207 0.9339216 -0.1091127 -0.2896334 0.1396219
1305031535.7945991 -207390056496.2859192 1346307462499.5949707 -1427522200696.0334473 -0.1488365 0.6154092 0.7533107 -0.1292728
1305031535.8311050 -225106007661.2667847 1474175912025.1174316 -1571233954275.3310547 0.8035377 0.4420013 0.3798466 0.0241401
1305031535.8595281 -352651371345.7055054 1570836135813.5593262 -1735966312785.1313477 0.8668721 -0.2183915 -0.4061514 0.1504562
1305031535.8988831 -366962917656.5345459 1794812401252.0795898 -1836347167348.1772461 0.0236232 0.6388983 0.7509224 -0.1111910
1305031535.9306850 -403038191121.2888794 1903169313764.4467773 -2078104227405.4982910 0.8907728 0.3519204 0.2588964 0.0515800
1305031535.9595671 -466122386448.1324463 2109567060181.9238281 -2255226946840.3540039 0.7705923 -0.3232278 -0.5123313 0.1566866
1305031535.9989879 -543377443113.8197021 2291472772371.1494141 -2475328831901.2734375 0.1995788 0.6420271 0.7242149 -0.0890170
1305031536.0314629 -606839526239.4516602 2520612381115.5209961 -2709323663312.4311523 0.9509038 0.2477489 0.1261578 0.0780118
1305031536.0622430 -754275641540.2619629 2760054145132.6953125 -2953586306990.5102539 0.6462659 -0.4193873 -0.6033808 0.1576874
1305031536.0994041 -776129510344.3408203 3054945635679.0791016 -3218133997281.1293945 0.3729068 0.6230413 0.6722574 -0.0632280
1305031536.1314399 -908453009042.8692627 3301818692628.7363281 -3563542306780.2841797 0.9796079 0.1322259 -0.0144090 0.1023914
1305031536.1633670 -994581069597.9727783 3635434212980.8007812 -3904141427576.3696289 -0.4902713 0.5038526 0.6823626 -0.1534386
1305031536.1997769 -1135889664997.7761230 3968665171012.4765625 -4270525137031.5708008 0.5366406 0.5808406 0.5950775 -0.0345275
1305031536.2315831 -1249298577242.7087402 4361012518413.1528320 -4684389706234.4658203 0.9733280 0.0089132 -0.1580085 0.1236240
1305031536.2632191 -1432999261006.3442383 4814771904986.5634766 -5099964879153.6816406 -0.3183139 0.5718030 0.7318388 -0.1433720
1305031536.2995119 -1514262287337.0441895 5259787470696.6689453 -5613032407936.6103516 0.6915600 0.5171572 0.4876561 -0.0038812
1305031536.3313899 -1748468882238.7128906 5749943744872.1250000 -6159997133192.8632812 0.9295818 -0.1178406 -0.2991045 0.1406098
1305031536.3630061 -1912289763120.8256836 6310352693116.7558594 -6771144560605.6054688 -0.1292720 0.6189552 0.7541643 -0.1273791
1305031536.3996050 -2134097822693.6318359 6910253387984.0820312 -7401731487678.8945312 0.8163815 0.4308627 0.3645489 0.0277873
1305031536.4315901 -2349727674527.3867188 7580660736162.6845703 -8133742089048.8847656 0.8472261 -0.2429396 -0.4315042 0.1522793
1305031536.4635539 -2591046447070.0659180 8373077329287.0000000 -8885458000163.8417969 0.0699925 0.6415762 0.7461892 -0.1056789
1305031536.4996469 -2822772127077.0068359 9108338503346.9433594 -9793970868300.5625000 0.9104800 0.3238561 0.2225430 0.0591415
1305031536.5316169 -3183200758449.9213867 10021969568989.5585938 -10714530848107.3750000 0.7268764 -0.3605716 -0.5484697 0.1576542
1305031536.5630870 -3502931220745.0253906 10983317775592.1972656 -11792606343541.8046875 0.2712384 0.6367436 0.7058937 -0.0788137
1305031536.5991640 -3863723579497.5664062 12045045115813.7187500 -12894011343861.3964844 0.9670073 0.1995457 0.0668121 0.0886993
1305031536.6317971 -4256043966131.8417969 13214410322323.2285156 -14178748182806.5312500 -0.5647103 0.4648132 0.6500281 -0.1560754
1305031536.6635330 -4647204613608.6835938 14552232014086.5937500 -15559551863748.7089844 0.4648151 0.6022841 0.6325839 -0.0476417
1305031536.6994970 -5150025791195.7158203 15871948778349.9804688 -17095407277311.1308594 0.9802177 0.0626475 -0.0961244 0.1148848
1305031536.7314241 -5682416925608.2734375 17491006398242.7890625 -18733951418857.9257812 -0.3784736 0.5505775 0.7177905 -0.1473493
1305031536.7614779 -6315234322988.6445312 19191278453041.7812500 -20601908967778.5937500 0.6480243 0.5386805 0.5206127 -0.0134534
1305031536.7962420 -6890691843590.8408203 21073324795771.8125000 -22555767887314.7109375 0.9459180 -0.0808995 -0.2585668 0.1360929
1305031536.8280160 -7610431713436.6787109 23116383527463.4335938 -24837635275712.0468750 -0.1679941 0.6109143 0.7518160 -0.1309442
1305031536.8595960 -8350482633549.5273438 25434705756163.0820312 -27306305342822.3554688 0.7968922 0.4466981 0.3865985 0.0223782
1305031536.8958299 -9230162120647.5097656 27853897726522.5000000 -29938653562809.4765625 0.8619076 -0.2239782 -0.4117557 0.1507479
1305031536.9275789 -10131487403993.1953125 30643562951073.1992188 -32924775391801.4023438 0.0572249 0.6402503 0.7473260 -0.1070914
1305031536.9628799 -11257059696066.5761719 33761922270788.4804688 -36139092620219.1484375 0.9072990 0.3274651 0.2274140 0.0580234
1305031536.9967661 -12211158818543.9316406 37022882560119.7890625 -39703924699587.5937500 0.7289167 -0.3582283 -0.5459809 0.1574291
1305031537.0280581 -13604040028302.8554688 40668843535027.2812500 -43729417321276.2109375 0.2851667 0.6344003 0.7014018 -0.0765951
1305031537.0604470 -14935436171048.6875000 44821709282580.9921875 -48119719388929.1875000 0.9696774 0.1860921 0.0506450 0.0913876
1305031537.0958290 -16425033841089.8652344 49161888492128.5312500 -52811500862713.0625000 -0.5432900 0.4751693 0.6592534 -0.1551597
1305031537.1296210 -18159949400895.6015625 54114235598231.0625000 -58199224125271.3984375 0.5019178 0.5901075 0.6130838 -0.0406707
1305031537.1675410 -19947525892794.0507812 59838226953791.1953125 -63985175127691.3593750 0.9756159 0.0293427 -0.1342845 0.1201557
1305031537.1956429 -21847404113654.4531250 65501018950838.2500000 -70515680407077.7187500 -0.3266068 0.5671763 0.7291865 -0.1436161
1305031537.2301531 -24406947922351.6367188 72303024665626.2031250 -77612310634672.9843750 0.7020407 0.5092264 0.4767800 -0.0012961
1305031537.2656879 -26762082933417.1406250 79795695684421.7812500 -85672037812534.2500000 0.9196015 -0.1336954 -0.3157410 0.1419820
1305031537.2988610 -29497317039386.8593750 87645263291941.5000000 -94190144236475.5625000 -0.0817154 0.6241582 0.7538912 -0.1221651
1305031537.3309939 -32744997878502.1250000 96861413453361.1250000 -103963853779745.3750000 0.8538672 0.3914257 0.3120289 0.0394798
1305031537.3657360 -35773244332312.2265625 107209603791976.2500000 -114967468625094.1875000 0.7996400 -0.2922121 -0.4806445 0.1546399
1305031537.3956239 -39817678048768.2890625 117700940202675.5781250 -126804034364094.8437500 0.1763454 0.6390479 0.7274264 -0.0914860
1305031537.4296410 -44130733849637.9218750 130723468037722.2968750 -139959648323440.2968750 0.9499080 0.2411579 0.1189989 0.0787628
1305031537.4643121 -48756820350995.3359375 144612299224674.2500000 -155274095958648.0000000 -0.6081083 0.4328933 0.6239986 -0.1559748
1305031537.4975269 -53994161928470.3046875 159718807892233.2500000 -171413108431157.2500000 0.4289850 0.6059934 0.6464871 -0.0529343
1305031537.5302629 -59957620370525.9843750 177581449379344.4687500 -190156876940877.4687500 0.9769000 0.0668985 -0.0901213 0.1133704
1305031537.5644760 -66204513140876.9296875 196921580950270.4375000 -211771983529331.6562500 -0.3729043 0.5470872 0.7164442 -0.1460056
1305031537.5982759 -74029950234814.8125000 217680235417882.6875000 -233589580854432.9375000 0.6675089 0.5231019 0.4997190 -0.0087253
1305031537.6303890 -81506528798887.2812500 242627213188363.8125000 -259650262559675.2500000 0.9227538 -0.1200603 -0.2997999 0.1395875
1305031537.6641140 -91115777196259.2968750 269747623529688.5937500 -289229575107023.0625000 -0.0952697 0.6167119 0.7513260 -0.1225849
1305031537.6952779 -100973773238398.2500000 299303147038528.5625000 -320744792058441.8125000 0.8471624 0.3922199 0.3146953 0.0380485
1305031537.7283421 -112529744584985.1875000 334699683430575.8750000 -358405645776763.3750000 0.7828846 -0.3031165 -0.4898167 0.1538966
1305031537.7663779 -126464589831936.4843750 373367357693248.6250000 -401374523377218.4375000 0.2038636 0.6314579 0.7184514 -0.0865734
1305031537.7987249 -140148439476511.5000000 415144029061054.0625000 -443832768934774.1250000 0.9529285 0.2143243 0.0877152 0.0834097
1305031537.8302870 -155702902753955.6562500 464218090974004.2500000 -498071739986652.7500000 -0.5392622 0.4614289 0.6522902 -0.1521823
1305031537.8666620 -175043840251705.8125000 520502442521253.4375000 -557570892744475.2500000 0.4909377 0.5750461 0.6092724 -0.0393961
1305031537.8985360 -195363618313643.2500000 579742280752611.7500000 -622189643885160.7500000 0.9605616 0.0038485 -0.1602680 0.1217917
1305031537.9302430 -219909856408135.4062500 654090088946731.5000000 -701802817910823.5000000 -0.2364898 0.5779433 0.7369407 -0.1338982
1305031537.9663000 -249996807202360.6875000 737527490881385.3750000 -790761919747440.7500000 0.7620374 0.4536332 0.4030247 0.0149777
1305031537.9983270 -274190984500851.5000000 820012840787850.7500000 -878461754410396.7500000 0.8454567 -0.2209542 -0.4029945 0.1463327
1305031538.0306060 -311800912907459.8750000 923498481659602.6250000 -993595875746681.0000000 0.1232936 0.6170858 0.7268824 -0.0944132
1305031538.0664201 -349720269684572.8125000 1042092036788904.0000000 -1120869704923910.1250000 0.9217554 0.2545933 0.1421821 0.0708471
1305031538.0991170 -391671924831304.2500000 1148438231145752.7500000 -1229975044564798.0000000 -0.5603200 0.4173567 0.6239644 -0.1470224
1305031538.1307781 -436501320947125.6250000 1295858831038740.5000000 -1389682908695176.5000000 0.4780655 0.5412350 0.5964300 -0.0350134
1305031538.1673610 -492304330539055.2500000 1457423406922075.5000000 -1558570122656940.2500000 0.9322751 -0.0037212 -0.1608335 0.1169634
1305031538.1988361 -547957467511717.5625000 1631981106851516.0000000 -1711873023124472.5000000 -0.1784899 0.5586178 0.7277013 -0.1229490
1305031538.2316740 -615130754405267.5000000 1850460873151195.5000000 -1968375035452563.5000000 0.8240606 0.3578605 0.2837219 0.0372465
1305031538.2672451 -705679158181883.2500000 2091290072011699.0000000 -2217953841609921.5000000 0.7377629 -0.2939493 -0.4645174 0.1414484
1305031538.2971690 -745970153899825.3750000 2242661441589986.2500000 -2372664129985185.0000000 0.3123367 0.5459935 0.6527231 -0.0572765
1305031538.3296311 -845220288247188.7500000 2514900520660239.0000000 -2672269312587950.5000000 0.9047367 0.0092407 -0.1368834 0.1081493
1305031538.3666711 -930984272042038.6250000 2772928583296255.0000000 -2936777665813154.5000000 -0.2073356 0.4975342 0.6996437 -0.1157533
1305031538.3956530 -998551254895474.7500000 2969443729912497.0000000 -3147761893250561.5000000 0.8154611 0.3108648 0.2349288 0.0409277
1305031538.4342730 -1122636561184270.7500000 3352138519451598.0000000 -3560532918154722.0000000 -0.4504386 0.3770112 0.6203104 -0.1256113
1305031538.4681139 -1230351534748707.0000000 3662805943225898.0000000 -3894931358517771.5000000 0.5742048 0.4330295 0.4287781 -0.0184503
1305031538.4984901 -1212460352219132.0000000 3633382004662022.0000000 -3860804007595939.5000000 0.7469755 -0.2024702 -0.3491300 0.1191128
1305031538.5346589 -1322419304497721.2500000 3934801420172554.0000000 -4187005403192824.0000000 0.3275301 0.4222566 0.5895489 -0.0331878
1305031538.5664730 -1434208522909387.5000000 4293512721463835.0000000 -4570307290793412.0000000 0.8332926 -0.0230175 -0.1532882 0.0979757
1305031538.5984969 -1400111617761145.0000000 4166504664414154.5000000 -4437468688327138.5000000 0.1154112 0.4433795 0.6517594 -0.0643707
1305031538.6340749 -1511364857601757.5000000 4484852072725745.0000000 -4781643713077824.0000000 0.8047555 -0.0083468 -0.1263683 0.0881391
1305031538.6660521 -1515752878410198.2500000 4488055152678150.0000000 -4792596444472419.0000000 0.7131034 -0.1535990 -0.2757860 0.0984840
1305031538.6983869 -1498532641492876.2500000 4454692838583302.5000000 -4753589920699980.0000000 0.7312427 -0.1307199 -0.2527967 0.0972603
1305031538.7345841 -1587468739957156.5000000 4735080098776046.0000000 -5056952907745612.0000000 0.5621714 0.3091060 0.3035301 -0.0112814
1305031538.7665100 -1566726696878059.2500000 4646957241761773.0000000 -4967523161045268.0000000 0.0503912 0.3640061 0.6286913 -0.0585783
1305031538.7987549 -1643845502719292.7500000 4875146454831097.0000000 -5212979898871013.0000000 0.1083276 0.3804727 0.6265411 -0.0540373
1305031538.8324969 -1733449389376198.2500000 5145479230443145.0000000 -5499358625299148.0000000 0.7686691 0.0403562 -0.0563587 0.0698719
1305031538.8671930 -1694101165511625.0000000 5011601407746197.0000000 -5363764008465454.0000000 0.6969438 -0.1139644 -0.2201188 0.0845894
1305031538.8994319 -1771747396250061.5000000 5254490220480978.0000000 -5623065491190296.0000000 0.7263605 -0.0915974 -0.2021013 0.0867061
1305031538.9360170 -1852843383273230.0000000 5503871702799520.0000000 -5889990036056205.0000000 0.2233920 0.3102088 0.5697664 -0.0266068
1305031538.9676671 -1797524406419041.2500000 5322663558379540.0000000 -5700775282981162.0000000 0.1156837 0.3226574 0.6013840 -0.0427488
1305031538.9994481 -1767767666446716.0000000 5238371648088743.0000000 -5611073755182901.0000000 0.1355640 0.3189959 0.5958766 -0.0395255
1305031539.0349770 -1825052339721770.5000000 5412491530758891.0000000 -5796346972880494.0000000 0.7140695 -0.0362252 -0.1295430 0.0711685
1305031539.0676031 -1748113063613616.0000000 5174547753423462.0000000 -5545481069536699.0000000 0.6939048 -0.0554517 -0.1460392 0.0700986
1305031539.0993600 -1831054707600361.7500000 5424343585230412.0000000 -5813037252777716.0000000 0.7064975 -0.0541150 -0.1488218 0.0730937
1305031539.1357679 -1873827755892065.0000000 5554990192679891.0000000 -5952186564381891.0000000 0.1331097 0.2837743 0.5818664 -0.0335455
1305031539.1675460 -1788413022471706.5000000 5293832140531924.0000000 -5675358999620634.0000000 0.1217208 0.2698575 0.5786376 -0.0325284
1305031539.1994920 -1876021427048898.7500000 5555839722773975.0000000 -5956224717283654.0000000 0.1293473 0.2847392 0.5830844 -0.0342042
1305031539.2356291 -1906296517185872.0000000 5648520425191705.0000000 -6054766038458048.0000000 0.6860687 -0.0479300 -0.1339956 0.0663280
1305031539.2677600 -1930275543415505.5000000 5713298175326317.0000000 -6126697794053291.0000000 0.6858641 -0.0483729 -0.1344673 0.0663715
1305031539.2995920 -1923485346221792.5000000 5694589905476736.0000000 -6106963088738114.0000000 0.6858925 -0.0483118 -0.1344016 0.0663658
1305031539.3357060 -1946220203160786.2500000 5764306300242639.0000000 -6184808093800168.0000000 0.1164746 0.2545566 0.5750985 -0.0296752
1305031539.3675849 -1957036921378791.5000000 5808719341821334.0000000 -6220928671674269.0000000 0.1164318 0.2545679 0.5751123 -0.0296828
1305031539.3995011 -1950863367680753.5000000 5781323782091199.0000000 -6201374080789011.0000000 0.1164387 0.2545643 0.5751128 -0.0296847
1305031539.4355490 -1414171432962325.2500000 5255486134048594.0000000 -5991993686058272.0000000 0.6176664 -0.1880395 0.0246946 -0.0898585
1305031539.4675250 -1665522031086565.5000000 5551693334778345.0000000 -5450433865084324.0000000 0.6176654 -0.1880414 0.0246921 -0.0898582
1305031539.4996390 -1314605327433208.7500000 4631100799435883.0000000 -5538313858228696.0000000 0.6050765 -0.1688479 0.0215768 -0.0821641
1305031539.5354991 -1108004919278006.2500000 4112618736926697.5000000 -5303651332706581.0000000 -0.0098495 -0.1194564 0.1382289 0.5815421
1305031539.5675170 -1456098721178915.7500000 4112047543382352.5000000 -4749122962178365.0000000 -0.0095981 -0.1195796 0.1382249 0.5814729
1305031539.5990601 -1264614855134269.7500000 4342446421843951.5000000 -5456780669857958.0000000 -0.0101496 -0.1262191 0.1459137 0.5863532
1305031539.6355920 -1195407645262506.5000000 4158373854880654.5000000 -5413379291027698.0000000 -0.1449807 0.5349929 -0.0786611 0.1213745
1305031539.6674120 -1459310125658757.5000000 4217905725222705.0000000 -5183575033978980.0000000 -0.1449814 0.5349945 -0.0786634 0.1213721
1305031539.7037940 -1255929738985750.7500000 4147893314268196.5000000 -5389628119199616.0000000 -0.1449357 0.5346132 -0.0789761 0.1212394
1305031539.7356751 -1203428993183984.2500000 3338812068493178.5000000 -4796651558554951.0000000 0.0654169 0.1441366 0.5433937 -0.0190664
1305031539.7676370 -925067979586984.5000000 3721850121487271.5000000 -4491568962273157.5000000 0.0733343 0.1617215 0.5488902 -0.0213514
1305031539.8036051 -1258031823501679.7500000 3712112082459518.0000000 -5178547563224499.0000000 0.0733570 0.1617175 0.5488786 -0.0213399
1305031539.8320880 -1306584443403260.7500000 3631783396794092.5000000 -4949748947577801.0000000 0.5806031 0.0253569 -0.1034553 0.0944179
1305031539.8671269 -1235526950754098.7500000 3521411738373108.5000000 -5033812879654660.0000000 0.5806022 0.0253548 -0.1034573 0.0944180
1305031539.9035940 -1282120606972869.2500000 3607332696876773.5000000 -4932645741977163.0000000 0.5805971 0.0250585 -0.1031412 0.0948514
1305031539.9354370 -1342895269542870.0000000 3452598020452141.5000000 -4541505863365694.0000000 -0.0019441 -0.1033064 0.1099399 0.5395551
1305031539.9676521 -916412592417855.2500000 3011356235655657.0000000 -4200982287559115.5000000 -0.0019788 -0.1033031 0.1099480 0.5395407
1305031540.0036910 -1256393098918320.5000000 3331486484773830.5000000 -4434364501195284.5000000 -0.0019923 -0.1032957 0.1099466 0.5395612
1305031540.0356140 -1228796063372177.5000000 3280558007703406.0000000 -4406636800083670.0000000 -0.0782573 0.1031643 -0.0712420 0.5232646
1305031540.0677819 -1297993383965301.0000000 3290300597653126.0000000 -4381729175642535.0000000 -0.0782566 0.1031644 -0.0712423 0.5232633
1305031540.1036510 -1244316740600750.2500000 3279156952313169.0000000 -4411082000234097.0000000 -0.0782390 0.1029155 -0.0716372 0.5233295
1305031540.1357870 -1196708687849000.2500000 3142546407245389.0000000 -3867625187223515.0000000 -0.0209950 0.1208322 0.5452624 -0.0272171
1305031540.1676250 -225096444468847.0937500 873123480070071.0000000 -2602184276427893.0000000 -0.0091933 0.0528872 0.5193432 -0.0119033
1305031540.2040119 -1038242000523911.5000000 2635568311823867.5000000 -3052977446536572.0000000 -0.0186883 0.1076588 0.5401327 -0.0242194
1305031540.2359431 -1029812922005326.1250000 2614606030739472.5000000 -3023712288240354.0000000 0.5656680 0.0336982 0.0107242 0.0724777
1305031540.2677939 -1026661402291040.7500000 2604352492542348.0000000 -3058991839348133.5000000 0.5656680 0.0336979 0.0107239 0.0724778
1305031540.3036270 -1035098404553516.8750000 2631452190440259.5000000 -3043353917222690.0000000 0.5659651 0.0318750 0.0122489 0.0724359
1305031540.3356600 -1018400182528337.0000000 2592626397280539.0000000 -3004207776794877.5000000 -0.0196971 0.5387373 -0.1047127 0.0090396
1305031540.3676131 -996330080266872.3750000 2530034804692080.0000000 -2887292352336877.0000000 -0.0196369 0.5387483 -0.1047153 0.0090652
1305031540.4035449 -1014706706678258.8750000 2587082899125324.5000000 -2994981977415972.5000000 -0.0196339 0.5387485 -0.1047168 0.0090531
1305031540.4357560 -1003955992025879.2500000 2581022728257901.0000000 -2983219659081947.0000000 -0.0469810 -0.0035929 0.0205733 0.5731489
1305031540.4673650 -1010367844908418.1250000 2569370926322113.0000000 -2991065144064076.5000000 -0.0469811 -0.0035925 0.0205730 0.5731490
1305031540.5029531 -1003201177673654.7500000 2580147727776816.0000000 -2984008176409040.0000000 -0.0465808 -0.0042253 0.0197445 0.5733340
1305031540.5351939 -983198306451938.0000000 2551248491965235.0000000 -2945606549274046.0000000 -0.0578370 0.0843388 0.5309232 -0.0243490
1305031540.5635221 -966778711765159.1250000 2458102152442564.0000000 -2835215779141181.5000000 -0.0578445 0.0843399 0.5309259 -0.0243237
1305031540.6033759 -983454568960511.6250000 2549241048055981.0000000 -2941474336824823.0000000 -0.0578355 0.0843448 0.5309296 -0.0243227
1305031540.6352241 -972496161393328.6250000 2545624376221367.0000000 -2920133734402208.5000000 0.5595985 0.0422959 0.0568555 0.0248563
1305031540.6672940 -971671196436951.3750000 2532118500200865.5000000 -2935386185413781.5000000 0.5595986 0.0422957 0.0568553 0.0248563
1305031540.7033861 -970342655039448.1250000 2546083865945129.5000000 -2922568710025877.0000000 0.5598210 0.0419651 0.0570505 0.0237107
1305031540.7356939 -1164692707504.8828125 59977030365163.2031250 -69570554456034.5468750 0.0001885 0.0015434 -0.0006574 0.5009010
1305031540.7675481 -970313226140904.1250000 2546050320463774.0000000 -2922510826466261.5000000 -0.0234745 0.0743045 -0.0471529 0.5484121
1305031540.8032320 -968641051302690.5000000 2543247008158575.0000000 -2918052190883823.5000000 -0.0234456 0.0741687 -0.0470734 0.5483206
1305031540.8351810 -829107541061646.7500000 2304238176031714.5000000 -2681601143041224.0000000 0.5530000 0.0371580 0.0510401 0.0213398
1305031540.8710229 -923526096147242.0000000 2343798940315635.0000000 -2689446525597123.0000000 0.5562449 0.0393239 0.0540148 0.0225839
1305031540.9032221 -905792596352628.0000000 2434142382745907.5000000 -2794668752865930.5000000 0.5556648 0.0402355 0.0548675 0.0222265
1305031540.9350500 -902746942778894.3750000 2425709267300236.5000000 -2776979424576248.5000000 -0.0475619 0.5170440 0.0811411 -0.0240600
1305031540.9710779 -885583274486329.2500000 2407534865673788.0000000 -2783397745817599.0000000 -0.0475835 0.5170375 0.0811268 -0.0240620
1305031541.0032279 -897596901099525.8750000 2419838084970283.0000000 -2773408052819132.0000000 -0.0475815 0.5170406 0.0811244 -0.0240757
1305031541.0345140 -887003522745028.1250000 2364098834637584.0000000 -2725473224311730.5000000 -0.0375123 -0.0339493 0.0541531 0.5498622
1305031541.0702169 -865413318648895.1250000 2336488704642513.5000000 -2646844316201115.5000000 -0.0375124 -0.0339491 0.0541533 0.5498622
1305031541.0999970 -885499181550022.8750000 2361674529354831.0000000 -2721025314619534.5000000 -0.0371834 -0.0350306 0.0550887 0.5491677
1305031541.1353300 -882995871986785.1250000 2343745600487298.5000000 -2701613262862881.5000000 -0.0132696 0.5185606 -0.0782353 0.0484707
1305031541.1715741 -866609153551915.8750000 2336898635416063.0000000 -2709455761837188.0000000 -0.0132757 0.5185540 -0.0782197 0.0484936
1305031541.2029960 -883801820958144.1250000 2345041049888177.0000000 -2702465196403839.0000000 -0.0132915 0.5185536 -0.0782201 0.0484887
1305031541.2351980 -853811754311687.6250000 2305942795722293.5000000 -2655236434920155.5000000 0.5592218 0.0038756 0.0063081 0.0457957
1305031541.2679541 -866172835010499.8750000 2254056334662096.0000000 -2578582915434875.0000000 0.5592218 0.0038759 0.0063078 0.0457959
1305031541.3016720 -854360643413892.7500000 2302460473960240.0000000 -2655364439966464.0000000 0.5592259 0.0054894 0.0077722 0.0453909
1305031541.3318520 -845985025845938.5000000 2290892475853029.0000000 -2635488731695867.0000000 -0.0005742 0.5252531 0.0847165 -0.0237317
1305031541.3712499 -845072717952854.3750000 2266393049611980.0000000 -2641706215625679.0000000 -0.0006060 0.5252519 0.0847141 -0.0237408
1305031541.4020219 -843905417517817.8750000 2285164080636511.5000000 -2632750210586247.0000000 -0.0005999 0.5252508 0.0847095 -0.0237585
1305031541.4319320 -836011280550092.6250000 2232795673256346.2500000 -2577399705217919.5000000 -0.0474798 0.0092292 0.0287344 0.5520992
1305031541.4713659 -816092920078807.8750000 2246569478779300.0000000 -2560932983403547.0000000 -0.0481593 0.0093616 0.0291459 0.5528803
1305031541.5015690 -847949780921156.3750000 2266490676712130.0000000 -2614804086542586.0000000 -0.0479850 0.0077423 0.0308216 0.5526553
1305031541.5353451 -841878064924571.1250000 2249069273839196.7500000 -2591720340779647.5000000 0.0064488 -0.0843755 0.5238741 -0.0126503
1305031541.5698190 -837037607872001.1250000 2233677489864418.7500000 -2602084944239925.0000000 0.0064590 -0.0843719 0.5238673 -0.0126807
1305031541.6034720 -842367948887386.2500000 2251435057900680.0000000 -2593269171702483.5000000 0.0064770 -0.0843718 0.5238665 -0.0126737
1305031541.6352789 -823790942707881.1250000 2238295795252217.5000000 -2579341374337673.0000000 0.5521004 -0.0039630 -0.0062816 0.0532187
1305031541.6714830 -835677172822255.6250000 2210331881283551.5000000 -2520993210794477.0000000 0.5521003 -0.0039628 -0.0062819 0.0532187
1305031541.7035270 -811774814603261.7500000 2202408156136612.7500000 -2539794467570849.5000000 0.5515939 -0.0020451 -0.0045191 0.0521269
1305031541.7349629 -801391442054506.1250000 2187969141686256.7500000 -2518808170784174.0000000 0.0113486 0.5235599 0.0783808 -0.0196984
1305031541.7716560 -805593553655774.8750000 2165339601194467.5000000 -2522641482908879.0000000 0.0113173 0.5235603 0.0783822 -0.0197104
1305031541.8033381 -800485093920885.7500000 2183774663056076.5000000 -2516192795447506.5000000 0.0113242 0.5235583 0.0783774 -0.0197278
1305031541.8352590 -802931711055351.6250000 2165979652498373.5000000 -2498782768041545.0000000 -0.0510892 0.0144467 0.0235320 0.5466299
1305031541.8713591 -774105068468881.8750000 2148636246629410.5000000 -2450895869539914.0000000 -0.0510891 0.0144470 0.0235322 0.5466299
1305031541.9031310 -801952672339034.0000000 2165030174613538.5000000 -2495630278753211.5000000 -0.0509977 0.0126198 0.0254709 0.5464612
1305031541.9324601 -793768252775940.3750000 2146715877284779.2500000 -2471392167379756.0000000 0.0021123 -0.0786682 0.5231170 -0.0082864
1305031541.9692020 -792149672235861.5000000 2130458924404765.2500000 -2479944878533100.5000000 0.0021242 -0.0786665 0.5231110 -0.0083160
1305031542.0000341 -794007388212689.7500000 2148733458933507.0000000 -2473135448759191.5000000 0.0021425 -0.0786668 0.5231112 -0.0083082
1305031542.0327950 -775225619656857.5000000 2132342530505159.2500000 -2455416431073418.5000000 0.5465567 -0.0011182 0.0010457 0.0538905
1305031542.0698190 -789053521299322.3750000 2113203210677719.7500000 -2409616436151223.0000000 0.5465567 -0.0011179 0.0010454 0.0538905
1305031542.1025729 -775878322724051.8750000 2131463701216261.2500000 -2454766687531057.5000000 0.5466490 0.0010057 0.0029847 0.0536329
1305031542.1392939 -762223591989502.2500000 2115030764615789.2500000 -2431664363372223.5000000 0.0025453 0.5227756 0.0757534 -0.0117016
1305031542.1704850 -768414949353755.7500000 2094238417451479.0000000 -2436432874993252.5000000 0.0025147 0.5227753 0.0757525 -0.0117146
1305031542.2022140 -762265732385187.2500000 2112892676827094.7500000 -2430134583646073.0000000 0.0025228 0.5227773 0.0757488 -0.0117326
1305031542.2372429 -747920239844395.5000000 2061275102499754.5000000 -2379120639265381.5000000 -0.0505174 -0.0122179 0.0322641 0.5388003
1305031542.2697520 -734243233404968.1250000 2048534941598448.2500000 -2327882033356763.5000000 -0.0505174 -0.0122177 0.0322643 0.5388003
1305031542.3012180 -759237313735925.2500000 2092286499556919.5000000 -2409976019601287.0000000 -0.0512322 -0.0142106 0.0344570 0.5384268
1305031542.3388121 -748073042892091.2500000 2074591692331568.2500000 -2383516067346122.5000000 -0.0108416 -0.0660367 0.5150044 -0.0343900
1305031542.3715820 -742106816895447.5000000 2057401132205985.0000000 -2391554588676468.5000000 -0.0108286 -0.0660267 0.5149964 -0.0344121
1305031542.4031401 -747549854371874.6250000 2078247323936434.2500000 -2386141914036150.5000000 -0.0108123 -0.0660310 0.5150067 -0.0344107
1305031542.4392099 -727394136169067.2500000 2065167538179736.0000000 -2358462270065560.5000000 0.5306811 0.0239775 0.0553323 0.0323190
1305031542.4715271 -745115284014027.8750000 2007498628175623.2500000 -2300215004879020.5000000 0.5302190 0.0236265 0.0545217 0.0318458
1305031542.5037169 -730303737086494.2500000 2062838309814125.0000000 -2355729874503937.0000000 0.5291599 0.0255310 0.0562565 0.0320205
1305031542.5394390 -721998107812302.8750000 2048179107558772.2500000 -2326770521018237.0000000 -0.0496557 0.5116812 0.0527399 0.0037725
1305031542.5716720 -705570392870295.8750000 2028876200293890.5000000 -2332342528398701.5000000 -0.0496740 0.5116749 0.0527212 0.0037642
1305031542.6034989 -722018079549017.2500000 2047236039030240.0000000 -2326940593492571.0000000 -0.0496775 0.5116894 0.0527237 0.0037495
1305031542.6391709 -709599272089346.0000000 2030813310024149.5000000 -2307926029835790.0000000 -0.0275263 -0.0565680 0.0341743 0.5122112
1305031542.6688659 -718365495321991.2500000 1976729339296878.0000000 -2241428674813492.7500000 -0.0271096 -0.0557112 0.0336569 0.5120241
1305031542.7022390 -713378181959530.3750000 2027301198797329.5000000 -2304356739064007.5000000 -0.0269169 -0.0561151 0.0344712 0.5104370
1305031542.7379611 -699351169502248.5000000 1992771433616794.7500000 -2276713507245380.5000000 0.0000786 0.0400307 -0.0546097 0.5255926
1305031542.7711699 -686006372805782.8750000 2000467348012019.5000000 -2272644181843836.5000000 0.0022980 0.0430078 -0.0551963 0.5210676
1305031542.8032701 -539577032875425.4375000 1606455365365487.2500000 -1795068853592738.5000000 0.0433213 0.0216773 0.5117294 -0.0271601
1305031542.8395679 -532883907568710.6250000 1569350534313081.0000000 -1768658520149584.7500000 0.0250638 0.0454484 -0.0159830 0.5090405
1305031542.8711979 -532097886112054.4375000 1577458624367640.2500000 -1775789108378967.7500000 0.0249625 0.0454591 -0.0161874 0.5091336
1305031542.9037321 -533914627261820.3125000 1585231068291291.0000000 -1759046079586146.0000000 0.0249630 0.0454593 -0.0161858 0.5091333
1305031542.9392149 -534588198508059.3750000 1574762962967684.0000000 -1739621848809854.7500000 0.0358921 0.0220099 0.5285192 -0.0125145
1305031542.9708660 -535641357593211.6250000 1569580393899398.0000000 -1743268701484649.5000000 0.0247722 0.0451118 -0.0160621 0.5090629
1305031543.0026770 -535606722563031.6250000 1569606306318790.5000000 -1743286108088548.0000000 0.0247722 0.0451118 -0.0160621 0.5090629
1305031543.0391259 -532996580684712.3750000 1561957254661716.2500000 -1734790673052409.7500000 0.0245828 0.0447669 -0.0159393 0.5089930
1305031543.0707099 -532981956190791.1250000 1561914375552490.5000000 -1734743051231059.0000000 0.0245828 0.0447669 -0.0159393 0.5089930
1305031543.1027551 -532970294607942.9375000 1561880200912849.2500000 -1734705095116637.2500000 0.0245828 0.0447669 -0.0159393 0.5089930
1305031543.1393580 -530349670028408.2500000 1554200407621637.2500000 -1726175518778173.0000000 0.0243948 0.0444246 -0.0158174 0.5089236
1305031543.1702650 -532410861246678.6875000 1560240770071136.7500000 -1732884258354353.2500000 0.0244886 0.0445954 -0.0158782 0.5089582
1305031543.2001901 -532411208018133.7500000 1560241786291877.5000000 -1732885387021778.0000000 0.0244886 0.0445954 -0.0158782 0.5089582
1305031543.2387011 -529781809170942.8750000 1552536279833523.7500000 -1724327252306038.7500000 0.0243014 0.0442544 -0.0157568 0.5088891
1305031543.2709229 -531840829661102.3125000 1558570280920133.5000000 -1731028926623277.0000000 0.0243948 0.0444246 -0.0158174 0.5089236
1305031543.3029621 -531841173800559.8125000 1558571289427752.0000000 -1731030046724108.7500000 0.0243948 0.0444246 -0.0158174 0.5089236
1305031543.3388240 -531274405389064.6250000 1556910363074512.7500000 -1729185335931522.0000000 0.0243014 0.0442544 -0.0157568 0.5088891
1305031543.3708000 -531271677216030.6250000 1556902368108292.5000000 -1729176456307808.7500000 0.0243014 0.0442544 -0.0157568 0.5088891
1305031543.4075861 -531265889724723.8750000 1556885407748615.2500000 -1729157619253013.0000000 0.0243014 0.0442544 -0.0157568 0.5088891
1305031543.4364080 -530688358859874.0000000 1555192941809559.5000000 -1727277878960985.2500000 0.0242083 0.0440848 -0.0156964 0.5088548
1305031543.4721930 -530685585813732.7500000 1555184815341800.5000000 -1727268853284840.5000000 0.0242083 0.0440848 -0.0156964 0.5088548
1305031543.5076621 -530679849717130.8750000 1555168005595340.5000000 -1727250183508891.7500000 0.0242083 0.0440848 -0.0156964 0.5088548
1305031543.5398109 -530091678459256.1250000 1553444357770725.0000000 -1725335810997868.7500000 0.0241155 0.0439159 -0.0156363 0.5088205
1305031543.5723009 -530088861123270.1875000 1553436101510690.0000000 -1725326641167688.0000000 0.0241155 0.0439159 -0.0156363 0.5088205
1305031543.6076860 -530083176066116.3750000 1553419441336360.0000000 -1725308137514300.7500000 0.0241155 0.0439159 -0.0156363 0.5088205
1305031543.6398749 -529484485115589.2500000 1551664965341059.2500000 -1723359525638355.5000000 0.0240231 0.0437476 -0.0155764 0.5087865
1305031543.6716959 -529481625054272.5625000 1551656583873588.0000000 -1723350216746299.5000000 0.0240231 0.0437476 -0.0155764 0.5087865
1305031543.7074881 -529475990687957.6875000 1551640072249781.7500000 -1723331878080825.0000000 0.0240231 0.0437476 -0.0155764 0.5087865
1305031543.7397590 -528866900388810.1875000 1549855120754407.7500000 -1721349418534217.7500000 0.0239310 0.0435800 -0.0155167 0.5087525
1305031543.7718749 -528863999137664.5000000 1549846618579318.5000000 -1721339975578018.5000000 0.0239310 0.0435800 -0.0155167 0.5087525
1305031543.8075349 -528858415114068.0625000 1549830254485862.0000000 -1721321800767398.5000000 0.0239310 0.0435800 -0.0155167 0.5087525
1305031543.8398941 -528239045441238.0625000 1548015179079388.2500000 -1719305884043066.7500000 0.0238393 0.0434129 -0.0154572 0.5087187
1305031543.8718691 -528236104507105.2500000 1548006560612511.7500000 -1719296311927174.5000000 0.0238393 0.0434129 -0.0154572 0.5087187
1305031543.9074740 -528230570478635.5000000 1547990343030780.2500000 -1719278299840071.7500000 0.0238393 0.0434129 -0.0154572 0.5087187
1305031543.9397531 -527601041025527.5000000 1546145494184089.2500000 -1717229315189143.0000000 0.0237479 0.0432466 -0.0153980 0.5086850
1305031543.9707861 -527598061886940.2500000 1546136763758295.0000000 -1717219618725867.2500000 0.0237479 0.0432466 -0.0153980 0.5086850
1305031544.0075290 -527592577506573.4375000 1546120691671328.5000000 -1717201768232793.2500000 0.0237479 0.0432466 -0.0153980 0.5086850
1305031544.0389481 -526953007472929.1250000 1544246418701665.5000000 -1715120103625106.0000000 0.0236569 0.0430808 -0.0153390 0.5086514
1305031544.0707109 -526949991580460.5000000 1544237580567887.2500000 -1715110287535754.2500000 0.0236569 0.0430808 -0.0153390 0.5086514
1305031544.1066091 -526944556501779.2500000 1544221652960502.2500000 -1715092597509193.7500000 0.0236569 0.0430808 -0.0153390 0.5086514
1305031544.1373110 -526295064681854.6250000 1542318303996829.0000000 -1712978639594816.7500000 0.0235662 0.0429157 -0.0152802 0.5086179
1305031544.1717219 -526292013458467.1875000 1542309362325086.5000000 -1712968708510829.5000000 0.0235662 0.0429157 -0.0152802 0.5086179
1305031544.2065711 -526286627335697.7500000 1542293578183986.7500000 -1712951177825362.7500000 0.0235662 0.0429157 -0.0152802 0.5086179
1305031544.2380719 -525627332106743.5625000 1540361500133221.7500000 -1710805311897101.5000000 0.0234759 0.0427512 -0.0152216 0.5085846
1305031544.2677660 -525624246948136.6250000 1540352459013640.5000000 -1710795270361183.7500000 0.0234759 0.0427512 -0.0152216 0.5085846
1305031544.3035841 -525618909436185.5625000 1540336817327522.0000000 -1710777897893604.7500000 0.0234759 0.0427512 -0.0152216 0.5085846
1305031544.3382101 -524949928747227.0000000 1538376355841660.7500000 -1708600507850480.7500000 0.0233859 0.0425873 -0.0151632 0.5085514
1305031544.3679111 -524946811022183.4375000 1538367219285486.2500000 -1708590360317730.2500000 0.0233859 0.0425873 -0.0151632 0.5085514
1305031544.4058750 -524941521776673.2500000 1538351719045144.5000000 -1708573144947163.2500000 0.0233859 0.0425873 -0.0151632 0.5085514
1305031544.4378259 -524262973137586.0625000 1536363218489245.7500000 -1706364613258860.7500000 0.0232962 0.0424240 -0.0151051 0.5085184
1305031544.4699371 -524259824188317.3750000 1536353990429855.7500000 -1706354364097890.7500000 0.0232962 0.0424240 -0.0151051 0.5085184
1305031544.5059860 -524254582865621.3750000 1536338630628285.2500000 -1706337304705903.7500000 0.0232962 0.0424240 -0.0151051 0.5085184
1305031544.5390029 -523566583336500.3125000 1534322434049315.7500000 -1704098012378165.0000000 0.0232069 0.0422613 -0.0150472 0.5084855
1305031544.5747850 -523563404478990.6250000 1534313118343228.0000000 -1704087665872224.0000000 0.0232069 0.0422613 -0.0150472 0.5084855
1305031544.6074381 -523558210736266.8125000 1534297897975723.5000000 -1704070761342939.2500000 0.0232069 0.0422613 -0.0150472 0.5084855
1305031544.6389251 -522860876917083.5000000 1532254347072249.5000000 -1701801087883903.2500000 0.0231179 0.0420993 -0.0149895 0.5084526
1305031544.6756020 -522857669441431.8125000 1532244947500125.0000000 -1701790648231989.5000000 0.0231179 0.0420993 -0.0149895 0.5084526
1305031544.7036150 -522852522936656.0625000 1532229865564378.0000000 -1701773897452191.2500000 0.0231179 0.0420993 -0.0149895 0.5084526
1305031544.7389770 -522145970957202.1875000 1530159300657093.7500000 -1699474220839661.5000000 0.0230293 0.0419378 -0.0149320 0.5084200
1305031544.7751920 -522142736127963.3125000 1530149820924735.7500000 -1699463692157632.2500000 0.0230293 0.0419378 -0.0149320 0.5084200
1305031544.8071010 -522137636519961.7500000 1530134876420929.5000000 -1699447094016872.0000000 0.0230293 0.0419378 -0.0149320 0.5084200
1305031544.8390269 -521421982030074.3750000 1528037636424012.5000000 -1697117790666501.2500000 0.0229410 0.0417770 -0.0148747 0.5083874
1305031544.8753791 -521418721086598.2500000 1528028080163361.2500000 -1697107176988177.5000000 0.0229410 0.0417770 -0.0148747 0.5083874
1305031544.9074359 -521413668035078.6875000 1528013272094262.2500000 -1697090730378876.5000000 0.0229410 0.0417770 -0.0148747 0.5083874
1305031544.9390090 -520689026195143.8750000 1525889694487544.5000000 -1694732175113259.2500000 0.0228530 0.0416168 -0.0148177 0.5083550
1305031544.9755609 -520685740351913.2500000 1525880065257665.7500000 -1694721480391524.2500000 0.0228530 0.0416168 -0.0148177 0.5083550
1305031545.0074091 -520680733517495.8750000 1525865392628715.0000000 -1694705184209073.2500000 0.0228530 0.0416168 -0.0148177 0.5083550
1305031545.0394840 -519947218989227.7500000 1523715813430659.5000000 -1692317750227732.0000000 0.0227654 0.0414572 -0.0147609 0.5083227
1305031545.0752130 -519943909436193.8750000 1523706114718729.2500000 -1692306978335624.0000000 0.0227654 0.0414572 -0.0147609 0.5083227
1305031545.1071711 -519938948480441.3750000 1523691576538129.2500000 -1692290831478481.5000000 0.0227654 0.0414572 -0.0147609 0.5083227
1305031545.1394141 -519196675417932.1250000 1521516330279603.2500000 -1689874890328737.2500000 0.0226780 0.0412982 -0.0147042 0.5082905
1305031545.1749840 -519193343320848.8125000 1521506565501886.5000000 -1689864045060537.7500000 0.0226780 0.0412982 -0.0147042 0.5082905
1305031545.2076721 -519188427906295.1875000 1521492160780686.2500000 -1689848046430323.2500000 0.0226780 0.0412982 -0.0147042 0.5082905
1305031545.2396860 -518437509947332.9375000 1519291580479516.7500000 -1687403967979037.2500000 0.0225910 0.0411398 -0.0146478 0.5082584
1305031545.2754121 -518434156448088.7500000 1519281752982341.2500000 -1687393053051350.7500000 0.0225910 0.0411398 -0.0146478 0.5082584
1305031545.3062129 -518429286238267.9375000 1519267480734520.0000000 -1687377201552939.2500000 0.0225910 0.0411398 -0.0146478 0.5082584
1305031545.3395441 -517669836495919.2500000 1517041897870827.0000000 -1684905353959115.2500000 0.0225044 0.0409820 -0.0145917 0.5082265
1305031545.3755550 -517666462712867.7500000 1517032010931549.7500000 -1684894373011944.7500000 0.0225044 0.0409820 -0.0145917 0.5082265
1305031545.4074631 -517661637372341.1250000 1517017870174098.2500000 -1684878667553554.5000000 0.0225044 0.0409820 -0.0145917 0.5082265
1305031545.4391680 -516893768426793.8125000 1514767614666390.5000000 -1682379417241789.5000000 0.0224181 0.0408247 -0.0145357 0.5081947
1305031545.4754529 -516890375455081.5000000 1514757671494360.5000000 -1682368373839604.7500000 0.0224181 0.0408247 -0.0145357 0.5081947
1305031545.5074170 -516885594649464.8125000 1514743661247358.7500000 -1682352813332886.0000000 0.0224181 0.0408247 -0.0145357 0.5081947
1305031545.5394981 -516109418540128.3750000 1512469061429382.2500000 -1679826524967658.0000000 0.0223320 0.0406681 -0.0144799 0.5081630
1305031545.5780880 -516106007452021.0000000 1512459065166895.7500000 -1679815422600455.7500000 0.0223320 0.0406681 -0.0144799 0.5081630
1305031545.6037779 -516101270848010.3750000 1512445184453590.0000000 -1679800005960575.5000000 0.0223320 0.0406681 -0.0144799 0.5081630
1305031545.6359451 -515316899065869.6875000 1510146567051921.7500000 -1677247042421357.0000000 0.0222464 0.0405121 -0.0144244 0.5081314
1305031545.6735351 -515313470911076.1250000 1510136520775171.7500000 -1677235884505717.0000000 0.0222464 0.0405121 -0.0144244 0.5081314
1305031545.7065611 -515308778176473.8125000 1510122768622049.7500000 -1677220610651441.5000000 0.0222464 0.0405121 -0.0144244 0.5081314
1305031545.7390070 -514516321656693.3125000 1507800458734423.5000000 -1674641333008627.5000000 0.0221610 0.0403566 -0.0143690 0.5081000
1305031545.7755649 -514512877462687.3125000 1507790365454442.5000000 -1674630122888758.5000000 0.0221610 0.0403566 -0.0143690 0.5081000
1305031545.8074920 -514508228266425.9375000 1507776740891304.7500000 -1674614990742534.2500000 0.0221610 0.0403566 -0.0143690 0.5081000
1305031545.8433859 -513707797381200.0000000 1505431061965659.2500000 -1672009758234172.0000000 0.0220760 0.0402018 -0.0143139 0.5080686
1305031545.8755150 -513704338153539.8750000 1505420924629256.0000000 -1671998499182952.5000000 0.0220760 0.0402018 -0.0143139 0.5080686
1305031545.9076159 -513699732165706.6875000 1505407426689286.5000000 -1671983507670983.5000000 0.0220760 0.0402018 -0.0143139 0.5080686
1305031545.9437029 -512891436717353.3125000 1503038700503526.2500000 -1669352677680293.7500000 0.0219913 0.0400475 -0.0142589 0.5080374
1305031545.9756849 -512887963439999.1250000 1503028521994215.2500000 -1669341372900304.7500000 0.0219913 0.0400475 -0.0142589 0.5080374
1305031546.0075700 -512883400331859.3125000 1503015149714050.0000000 -1669326520952629.0000000 0.0219913 0.0400475 -0.0142589 0.5080374
1305031546.0437930 -512067349546153.3125000 1500623696356507.7500000 -1666670448986306.5000000 0.0219069 0.0398938 -0.0142042 0.5080063
1305031546.0754249 -512063863181781.8125000 1500613479495432.7500000 -1666659101610856.5000000 0.0219069 0.0398938 -0.0142042 0.5080063
1305031546.1040740 -512059342625801.0625000 1500600231915225.7500000 -1666644388161419.2500000 0.0219069 0.0398938 -0.0142042 0.5080063
1305031546.1435170 -511235645145543.3750000 1498186369765817.2500000 -1663963427828702.7500000 0.0218228 0.0397407 -0.0141497 0.5079754
1305031546.1759720 -511232146635860.6250000 1498176117312666.7500000 -1663952040922844.7500000 0.0218228 0.0397407 -0.0141497 0.5079754
1305031546.2075250 -511227668305727.0625000 1498162993476154.7500000 -1663937464909570.2500000 0.0218228 0.0397407 -0.0141497 0.5079754
1305031546.2435730 -510396432184546.1250000 1495727039188214.5000000 -1661231967902067.0000000 0.0217390 0.0395882 -0.0140954 0.5079445
1305031546.2761130 -510392922450597.6875000 1495716753842130.7500000 -1661220544463608.7500000 0.0217390 0.0395882 -0.0140954 0.5079445
1305031546.3081169 -510388486021243.1875000 1495703752796695.0000000 -1661206104828469.7500000 0.0217390 0.0395882 -0.0140954 0.5079445
1305031546.3439319 -509549818717625.8750000 1493246021279482.7500000 -1658476420900728.2500000 0.0216556 0.0394362 -0.0140413 0.5079138
1305031546.3761051 -509546298660104.5000000 1493235705679964.5000000 -1658464963861233.2500000 0.0216556 0.0394362 -0.0140413 0.5079138
1305031546.4076829 -509541903807725.3750000 1493222826476691.5000000 -1658450659550317.0000000 0.0216556 0.0394362 -0.0140413 0.5079138
1305031546.4439850 -508695912179273.4375000 1490743630878561.0000000 -1655697136501131.7500000 0.0215725 0.0392848 -0.0139874 0.5078832
1305031546.4760020 -508692382678824.5000000 1490733287606356.7500000 -1655685648726913.7500000 0.0215725 0.0392848 -0.0139874 0.5078832
1305031546.5079780 -508688029080901.3750000 1490720529300097.2500000 -1655671478690488.5000000 0.0215725 0.0392848 -0.0139874 0.5078832
1305031546.5440910 -507834819378809.7500000 1488220180992315.0000000 -1652894462344929.0000000 0.0214896 0.0391340 -0.0139337 0.5078527
1305031546.5764360 -507831281296333.7500000 1488209812570311.0000000 -1652882946638036.2500000 0.0214896 0.0391340 -0.0139337 0.5078527
1305031546.6044769 -507826968631651.0625000 1488197174219736.0000000 -1652868909830613.2500000 0.0214896 0.0391340 -0.0139337 0.5078527
1305031546.6442311 -506966646495405.0000000 1485675982780940.2500000 -1650068744022763.5000000 0.0214071 0.0389838 -0.0138802 0.5078223
1305031546.6760190 -506963100672357.9375000 1485665591675040.2500000 -1650057203121956.2500000 0.0214071 0.0389838 -0.0138802 0.5078223
1305031546.7079520 -506958828621022.6250000 1485653072342697.0000000 -1650043298502351.7500000 0.0214071 0.0389838 -0.0138802 0.5078223
1305031546.7439070 -506091499073310.1250000 1483111345543990.0000000 -1647220325058752.0000000 0.0213250 0.0388341 -0.0138269 0.5077920
1305031546.7758851 -506087946332001.0625000 1483100934163987.0000000 -1647208761640472.0000000 0.0213250 0.0388341 -0.0138269 0.5077920
1305031546.8080189 -506083714575460.6250000 1483088532916350.7500000 -1647194988171864.7500000 0.0213250 0.0388341 -0.0138269 0.5077920
1305031546.8440981 -505209482017296.7500000 1480526576707009.0000000 -1644349546895641.7500000 0.0212431 0.0386850 -0.0137738 0.5077619
1305031546.8761499 -505205923161182.8125000 1480516147407450.5000000 -1644337963574971.0000000 0.0212431 0.0386850 -0.0137738 0.5077619
1305031546.9042540 -505201731382242.8750000 1480503863314977.0000000 -1644324320224961.5000000 0.0212431 0.0386850 -0.0137738 0.5077619
1305031546.9438710 -504320699588302.3125000 1477921981808774.0000000 -1641456748880636.7500000 0.0211615 0.0385365 -0.0137209 0.5077319
1305031546.9756930 -504317135402281.1250000 1477911536889818.0000000 -1641445148212250.2500000 0.0211615 0.0385365 -0.0137209 0.5077319
1305031547.0085480 -504312983285122.5000000 1477899369026992.7500000 -1641431633952914.0000000 0.0211615 0.0385365 -0.0137209 0.5077319
1305031547.0442359 -503425255399277.1875000 1475297864489122.0000000 -1638542268251881.0000000 0.0210803 0.0383885 -0.0136683 0.5077020
1305031547.0740330 -503421686649976.5625000 1475287406197386.7500000 -1638530652730989.7500000 0.0210803 0.0383885 -0.0136683 0.5077020
1305031547.1093681 -503417573880171.5625000 1475275353642773.0000000 -1638517266538931.0000000 0.0210803 0.0383885 -0.0136683 0.5077020
1305031547.1430199 -502523252411230.5000000 1472654526477363.0000000 -1635606440125588.0000000 0.0209993 0.0382411 -0.0136158 0.5076722
1305031547.1725669 -502519679847295.6250000 1472644057006768.2500000 -1635594812188872.5000000 0.0209993 0.0382411 -0.0136158 0.5076722
1305031547.2116051 -502515606111823.6875000 1472632118843052.7500000 -1635581553045276.0000000 0.0209993 0.0382411 -0.0136158 0.5076722
1305031547.2441330 -501614792929470.6875000 1469992267581262.7500000 -1632649597483803.5000000 0.0209187 0.0380942 -0.0135635 0.5076425
1305031547.2765660 -501611217281848.2500000 1469981789073862.5000000 -1632637959510340.2500000 0.0209187 0.0380942 -0.0135635 0.5076425
1305031547.3123000 -501607182269111.3750000 1469969964387901.2500000 -1632624826401021.0000000 0.0209187 0.0380942 -0.0135635 0.5076425
1305031547.3442011 -500699978600037.8125000 1467311385676588.5000000 -1629672071162797.2500000 0.0208383 0.0379479 -0.0135114 0.5076129
1305031547.3767829 -500696400582257.9375000 1467300900223397.0000000 -1629660425474975.2500000 0.0208383 0.0379479 -0.0135114 0.5076129
1305031547.4123089 -500692403982095.2500000 1467289188106257.0000000 -1629647417390424.7500000 0.0208383 0.0379479 -0.0135114 0.5076129
1305031547.4444790 -499778910406325.0625000 1464612176697206.2500000 -1626674189842061.7500000 0.0207583 0.0378022 -0.0134595 0.5075834
1305031547.4756529 -499775330714780.1250000 1464601686339015.2500000 -1626662538706490.0000000 0.0207583 0.0378022 -0.0134595 0.5075834
1305031547.5121291 -499771372218481.9375000 1464590085886017.0000000 -1626649654641924.5000000 0.0207583 0.0378022 -0.0134595 0.5075834
1305031547.5430629 -498851688665884.9375000 1461894934625723.5000000 -1623656280033921.0000000 0.0206785 0.0376570 -0.0134078 0.5075541
1305031547.5724521 -498848107980105.5625000 1461884441353911.0000000 -1623644625662327.7500000 0.0206785 0.0376570 -0.0134078 0.5075541
1305031547.6100690 -498844187280427.0625000 1461872951664667.2500000 -1623631864617730.5000000 0.0206785 0.0376570 -0.0134078 0.5075541
1305031547.6436851 -497918413027417.2500000 1459159951484660.5000000 -1620618666073725.5000000 0.0205991 0.0375123 -0.0133563 0.5075249
1305031547.6757269 -497914832010346.0625000 1459149457241993.5000000 -1620607010623848.0000000 0.0205991 0.0375123 -0.0133563 0.5075249
1305031547.7123590 -497910948801520.5000000 1459138077420448.5000000 -1620594371604013.0000000 0.0205991 0.0375123 -0.0133563 0.5075249
1305031547.7418189 -496979182467936.9375000 1456407517328152.0000000 -1617561670110633.2500000 0.0205200 0.0373682 -0.0133050 0.5074957
1305031547.7736590 -496975601766199.0000000 1456397024009578.0000000 -1617550015687098.7500000 0.0205200 0.0373682 -0.0133050 0.5074957
1305031547.8121359 -496971755743949.8750000 1456385753164043.2500000 -1617537497701670.7500000 0.0205200 0.0373682 -0.0133050 0.5074957
1305031547.8445730 -496034095290116.0000000 1453637920234156.7500000 -1614485612098960.2500000 0.0204412 0.0372247 -0.0132539 0.5074667
1305031547.8753130 -496030515534286.6875000 1453627429687589.7500000 -1614473960754157.5000000 0.0204412 0.0372247 -0.0132539 0.5074667
1305031547.9122291 -496026706395840.1250000 1453616266930780.5000000 -1614461562817671.7500000 0.0204412 0.0372247 -0.0132539 0.5074667
1305031547.9426739 -495083249119798.9375000 1450851446297177.2500000 -1611390809790091.7500000 0.0203626 0.0370817 -0.0132030 0.5074378
1305031547.9765251 -495079670924669.0625000 1450840960324273.7500000 -1611379163525034.2500000 0.0203626 0.0370817 -0.0132030 0.5074378
